[gd_scene format=3 uid="uid://b3dtc4ombgti1"]

[ext_resource type="PackedScene" uid="uid://b1c70gvktrg5s" path="res://Scenes/monster.tscn" id="1_j4ydm"]
[ext_resource type="PackedScene" uid="uid://by7oadvehnjxt" path="res://Models/fat_zombie.glb" id="2_f6ksm"]
[ext_resource type="PackedScene" uid="uid://b8wwongbcfe17" path="res://Scenes/hit_scan_bullet_emitter.tscn" id="2_r6r81"]
[ext_resource type="Script" uid="uid://d3ap7dnckidtl" path="res://Scripts/hitbox.gd" id="3_de4xe"]
[ext_resource type="AudioStream" uid="uid://8n6oindncjyn" path="res://SFX/zombie_2.mp3" id="4_de4xe"]
[ext_resource type="AudioStream" uid="uid://baaygklss1n8r" path="res://SFX/zombie_1.mp3" id="5_25rh0"]
[ext_resource type="Script" uid="uid://dd5xkm36fjxkr" path="res://Scripts/step_tracker.gd" id="5_l4w11"]
[ext_resource type="Script" uid="uid://cpinx10q0f446" path="res://Scripts/play_random_sound.gd" id="6_rfcb2"]
[ext_resource type="AudioStream" uid="uid://d2y5373ujdl3y" path="res://SFX/concrete1.wav" id="7_jow8y"]
[ext_resource type="AudioStream" uid="uid://4ir2d6jxp804" path="res://SFX/concrete2.wav" id="8_los64"]

[sub_resource type="CapsuleShape3D" id="CapsuleShape3D_25rh0"]
radius = 1.19939
height = 2.80035

[sub_resource type="BoxShape3D" id="BoxShape3D_n46je"]
size = Vector3(1.08813, 1, 1)

[sub_resource type="BoxShape3D" id="BoxShape3D_1o7sg"]
size = Vector3(0.580076, 0.769867, 0.601456)

[sub_resource type="BoxShape3D" id="BoxShape3D_tye2c"]
size = Vector3(0.683593, 1.91209, 0.728951)

[sub_resource type="BoxShape3D" id="BoxShape3D_r6r81"]
size = Vector3(0.651855, 1.14032, 0.440146)

[sub_resource type="BoxShape3D" id="BoxShape3D_l4w11"]
size = Vector3(0.437195, 1.06316, 0.3919)

[sub_resource type="BoxShape3D" id="BoxShape3D_rfcb2"]
size = Vector3(0.61528, 0.762782, 0.672878)

[node name="FatZombie" unique_id=1590204282 node_paths=PackedStringArray("animation_player", "skeleton") groups=["zombies"] instance=ExtResource("1_j4ydm")]
transform = Transform3D(16, 0, 0, 0, 16, 0, 0, 0, 16, 0, 0, 0)
collision_layer = 128
collision_mask = 129
animation_player = NodePath("Graphics/fat_zombie/AnimationPlayer")
skeleton = NodePath("Graphics/fat_zombie/Armature/Skeleton3D")
attack_range = 20.0
damage = 30
point_amount = 30
zombie_type = "fat"

[node name="HitScanBulletEmitter" parent="AttackEmitter" parent_id_path=PackedInt32Array(1353462862) index="0" unique_id=1386123301 instance=ExtResource("2_r6r81")]
transform = Transform3D(1, 0, 0, 0, 1, 0, 0, 0, 1, 0, 0.338476, 0)

[node name="RayCast3D" parent="AttackEmitter/HitScanBulletEmitter" index="0" unique_id=1826574052]
transform = Transform3D(1, 0, 0, 0, 1, 0, 0, 0, 1, 0, -0.323529, 0)
target_position = Vector3(0, 0, -1.3)

[node name="fat_zombie" parent="Graphics" parent_id_path=PackedInt32Array(560327995) index="0" unique_id=1935408913 instance=ExtResource("2_f6ksm")]
transform = Transform3D(4.20831e-08, 0, 0.320917, 0, 0.320917, 0, -0.320917, 0, 4.20831e-08, 0, 0, 0)

[node name="Skeleton3D" parent="Graphics/fat_zombie/Armature" parent_id_path=PackedInt32Array(1935408913, 429668762) index="0" unique_id=832007488]
bones/1/rotation = Quaternion(0, 0, 0.161231, 0.986917)
bones/3/rotation = Quaternion(0, 0, -0.0771973, 0.997016)
bones/4/rotation = Quaternion(0.64394, -0.275837, -0.707615, -0.0923884)
bones/5/rotation = Quaternion(-0.131927, 0.0345265, 0.00178799, 0.990656)
bones/7/rotation = Quaternion(0.970443, -0.199762, 0.0162972, -0.134422)
bones/8/rotation = Quaternion(-1.64298e-07, -0.0300584, -0.170473, 0.984904)
bones/10/rotation = Quaternion(-0.70598, 0.0399036, 0.70598, 0.039903)
bones/11/rotation = Quaternion(-0.0375629, 1.36431e-08, 5.73237e-08, 0.999294)
bones/12/rotation = Quaternion(-0.527695, 2.55479e-08, -9.66089e-08, 0.849434)
bones/13/rotation = Quaternion(-0.706137, 0.0370267, 0.706137, 0.037026)
bones/14/rotation = Quaternion(-0.0291958, 1.41463e-08, 5.7839e-08, 0.999574)
bones/15/rotation = Quaternion(-0.531496, 2.52933e-08, -9.70098e-08, 0.847061)

[node name="Cube_005" parent="Graphics/fat_zombie/Armature/Skeleton3D" index="0" unique_id=2110818810]
transform = Transform3D(0.997284, 0, 0, 0, 0.997284, 0, 0, 0, 0.997284, 0, 0, 0)

[node name="Body" type="BoneAttachment3D" parent="Graphics/fat_zombie/Armature/Skeleton3D" index="1" unique_id=369413443]
bone_name = "Spine01"
bone_idx = 0

[node name="Hitbox" type="Area3D" parent="Graphics/fat_zombie/Armature/Skeleton3D/Body" index="0" unique_id=1120571132]
transform = Transform3D(1, 0, 0, 0, 1, 0, 0, 0, 1, -0.00148214, 0, 0.0308326)
collision_layer = 4
collision_mask = 0
monitoring = false
script = ExtResource("3_de4xe")
weak_spot = true
critical_damage_multiplier = 0.5
metadata/_custom_type_script = "uid://d3ap7dnckidtl"

[node name="CollisionShape3D" type="CollisionShape3D" parent="Graphics/fat_zombie/Armature/Skeleton3D/Body/Hitbox" index="0" unique_id=324383328]
transform = Transform3D(0.94783, -0.318777, 0, 0.318777, 0.94783, 0, 0, 0, 1, 0.0741086, 1.0552, 0.00374293)
shape = SubResource("CapsuleShape3D_25rh0")

[node name="Head" type="BoneAttachment3D" parent="Graphics/fat_zombie/Armature/Skeleton3D" index="2" unique_id=1412389079]
transform = Transform3D(0.98569834, -0.16851923, 0, 0.16851923, 0.98569834, 0, 0, 0, 1, -0.43478236, 2.2951665, 0)
bone_name = "Head"
bone_idx = 3

[node name="Hitbox" type="Area3D" parent="Graphics/fat_zombie/Armature/Skeleton3D/Head" index="0" unique_id=2127271985]
collision_layer = 4
collision_mask = 0
monitoring = false
script = ExtResource("3_de4xe")
metadata/_custom_type_script = "uid://d3ap7dnckidtl"

[node name="CollisionShape3D" type="CollisionShape3D" parent="Graphics/fat_zombie/Armature/Skeleton3D/Head/Hitbox" index="0" unique_id=1818001637]
transform = Transform3D(0.999498, -0.0319866, 0, 0.0319866, 0.999498, 1.17961e-15, 0, -4.44089e-16, 1.00001, -0.0140503, 0.503677, 1.77636e-15)
shape = SubResource("BoxShape3D_n46je")

[node name="Arm1_R" type="BoneAttachment3D" parent="Graphics/fat_zombie/Armature/Skeleton3D" index="3" unique_id=555562544]
transform = Transform3D(-0.074180745, -0.19634631, -0.9777246, -0.2617082, -0.9422296, 0.20907423, -0.962292, 0.27138782, 0.018509984, -0.304044, 1.6087468, 1.0593673)
bone_name = "Arm01_R"
bone_idx = 4

[node name="Hitbox" type="Area3D" parent="Graphics/fat_zombie/Armature/Skeleton3D/Arm1_R" index="0" unique_id=716811512]
collision_layer = 4
collision_mask = 0
monitoring = false
script = ExtResource("3_de4xe")
metadata/_custom_type_script = "uid://d3ap7dnckidtl"

[node name="CollisionShape3D" type="CollisionShape3D" parent="Graphics/fat_zombie/Armature/Skeleton3D/Arm1_R/Hitbox" index="0" unique_id=1118488421]
transform = Transform3D(0.664205, 6.94394e-06, -0.747594, 0, 1.00005, 2.98023e-08, 0.747586, 1.8999e-07, 0.664212, -0.0271422, 0.236993, 0.00798607)
shape = SubResource("BoxShape3D_1o7sg")

[node name="Leg1_R" type="BoneAttachment3D" parent="Graphics/fat_zombie/Armature/Skeleton3D" index="4" unique_id=2053781205]
transform = Transform3D(0, -0.112683706, -0.9936309, -8.456409e-07, -0.9936308, 0.11268371, -1, 8.4564084e-07, 0, 4.5830793e-16, 0.06634915, 0.56704277)
bone_name = "Leg01_R"
bone_idx = 10

[node name="Hitbox" type="Area3D" parent="Graphics/fat_zombie/Armature/Skeleton3D/Leg1_R" index="0" unique_id=21409476]
collision_layer = 4
collision_mask = 0
monitoring = false
script = ExtResource("3_de4xe")
metadata/_custom_type_script = "uid://d3ap7dnckidtl"

[node name="CollisionShape3D" type="CollisionShape3D" parent="Graphics/fat_zombie/Armature/Skeleton3D/Leg1_R/Hitbox" index="0" unique_id=1111517603]
transform = Transform3D(0.664205, 3.78632e-06, -0.747594, -2.82466e-07, 1.00005, 5.06134e-06, 0.747586, -3.36021e-06, 0.664212, 0.0132829, 1.01027, -0.0810389)
shape = SubResource("BoxShape3D_tye2c")

[node name="Leg2_R" type="BoneAttachment3D" parent="Graphics/fat_zombie/Armature/Skeleton3D" index="5" unique_id=849034423]
transform = Transform3D(-3.2720077e-08, 0.8791089, -0.47662103, -7.6885294e-07, -0.47662097, -0.8791089, -1, 2.513496e-07, 7.3218285e-07, -0.15123579, -1.9472306, 0.56704456)
bone_name = "Leg03_R"
bone_idx = 12

[node name="Hitbox" type="Area3D" parent="Graphics/fat_zombie/Armature/Skeleton3D/Leg2_R" index="0" unique_id=1488327898]
collision_layer = 4
collision_mask = 0
monitoring = false
script = ExtResource("3_de4xe")
metadata/_custom_type_script = "uid://d3ap7dnckidtl"

[node name="CollisionShape3D" type="CollisionShape3D" parent="Graphics/fat_zombie/Armature/Skeleton3D/Leg2_R/Hitbox" index="0" unique_id=1094609382]
transform = Transform3D(1.00001, -4.51321e-07, -2.82669e-08, 4.04976e-07, 0.866061, 0.500014, -2.01176e-07, -0.50002, 0.86605, -0.0319827, 0.333928, 0.0782578)
shape = SubResource("BoxShape3D_r6r81")

[node name="Leg1_L" type="BoneAttachment3D" parent="Graphics/fat_zombie/Armature/Skeleton3D" index="6" unique_id=257648002]
transform = Transform3D(0, -0.10458261, -0.9945162, -9.909272e-07, -0.9945161, 0.10458261, -0.99999994, 9.872018e-07, 0, 4.5830793e-16, 0.06634915, -0.58972424)
bone_name = "Leg01_L"
bone_idx = 13

[node name="Hitbox" type="Area3D" parent="Graphics/fat_zombie/Armature/Skeleton3D/Leg1_L" index="0" unique_id=1320567936]
collision_layer = 4
collision_mask = 0
monitoring = false
script = ExtResource("3_de4xe")
metadata/_custom_type_script = "uid://d3ap7dnckidtl"

[node name="CollisionShape3D" type="CollisionShape3D" parent="Graphics/fat_zombie/Armature/Skeleton3D/Leg1_L/Hitbox" index="0" unique_id=1976713864]
transform = Transform3D(0.664205, 3.78632e-06, -0.747594, -2.82466e-07, 1.00005, 5.06134e-06, 0.747586, -3.36021e-06, 0.664212, 0.0132829, 1.01027, -0.0810389)
shape = SubResource("BoxShape3D_tye2c")

[node name="Leg2_L" type="BoneAttachment3D" parent="Graphics/fat_zombie/Armature/Skeleton3D" index="7" unique_id=2081703623]
transform = Transform3D(-3.1862896e-08, 0.87928396, -0.47629777, -9.1458986e-07, -0.47629768, -0.8792839, -0.99999994, 3.124667e-07, 8.604996e-07, -0.15189886, -1.9477468, -0.58972216)
bone_name = "Leg03_L"
bone_idx = 15

[node name="Hitbox" type="Area3D" parent="Graphics/fat_zombie/Armature/Skeleton3D/Leg2_L" index="0" unique_id=1343549422]
collision_layer = 4
collision_mask = 0
monitoring = false
script = ExtResource("3_de4xe")
metadata/_custom_type_script = "uid://d3ap7dnckidtl"

[node name="CollisionShape3D" type="CollisionShape3D" parent="Graphics/fat_zombie/Armature/Skeleton3D/Leg2_L/Hitbox" index="0" unique_id=484463433]
transform = Transform3D(1.00001, -4.51321e-07, -2.82669e-08, 4.04976e-07, 0.866061, 0.500014, -2.01176e-07, -0.50002, 0.86605, -0.0319827, 0.333928, 0.0782578)
shape = SubResource("BoxShape3D_r6r81")

[node name="Arm2_R" type="BoneAttachment3D" parent="Graphics/fat_zombie/Armature/Skeleton3D" index="8" unique_id=993822673]
transform = Transform3D(-0.0055650026, 0.06687367, -0.997746, -0.27023774, -0.9607376, -0.06288594, -0.96277744, 0.26927862, 0.023418428, -0.4243102, 1.0316114, 1.225598)
bone_name = "Arm02_R"
bone_idx = 5

[node name="Hitbox" type="Area3D" parent="Graphics/fat_zombie/Armature/Skeleton3D/Arm2_R" index="0" unique_id=874405698]
collision_layer = 4
collision_mask = 0
monitoring = false
script = ExtResource("3_de4xe")
metadata/_custom_type_script = "uid://d3ap7dnckidtl"

[node name="CollisionShape3D2" type="CollisionShape3D" parent="Graphics/fat_zombie/Armature/Skeleton3D/Arm2_R/Hitbox" index="0" unique_id=2024172768]
transform = Transform3D(0.664204, 6.97374e-06, -0.747593, -1.49012e-07, 1.00005, -2.98023e-08, 0.747585, 1.76951e-07, 0.664212, -0.0131714, 0.482911, 0.0176232)
shape = SubResource("BoxShape3D_l4w11")

[node name="Arm3_R" type="BoneAttachment3D" parent="Graphics/fat_zombie/Armature/Skeleton3D" index="9" unique_id=1572413770]
transform = Transform3D(-0.0055650026, 0.06687367, -0.997746, -0.27023774, -0.9607376, -0.06288594, -0.96277744, 0.26927862, 0.023418428, -0.35858184, 0.08732742, 1.4902649)
bone_name = "Arm03_R"
bone_idx = 6

[node name="Hitbox" type="Area3D" parent="Graphics/fat_zombie/Armature/Skeleton3D/Arm3_R" index="0" unique_id=805205742]
transform = Transform3D(1, 2.98023e-08, 0, 0, 1, 9.31323e-10, -1.86265e-09, 4.65661e-09, 1, -0.0281277, 0.00676417, 0.0175292)
collision_layer = 4
collision_mask = 0
monitoring = false
script = ExtResource("3_de4xe")
metadata/_custom_type_script = "uid://d3ap7dnckidtl"

[node name="CollisionShape3D2" type="CollisionShape3D" parent="Graphics/fat_zombie/Armature/Skeleton3D/Arm3_R/Hitbox" index="0" unique_id=440944810]
transform = Transform3D(1.00002, 2.98023e-08, 9.574e-07, 3.57628e-07, 1.00005, -2.82191e-07, -4.28408e-07, 1.86265e-09, 1.00004, -0.0112081, 0.421759, -0.0228975)
shape = SubResource("BoxShape3D_rfcb2")

[node name="Arm1_L" type="BoneAttachment3D" parent="Graphics/fat_zombie/Armature/Skeleton3D" index="10" unique_id=497232779]
transform = Transform3D(0.9966272, -0.08206099, -5.763024e-05, -0.079036504, -0.96008235, 0.26831862, -0.022073826, -0.26740906, -0.96333027, -0.33056372, 1.5998442, -1.0696235)
bone_name = "Arm01_L"
bone_idx = 7

[node name="Hitbox" type="Area3D" parent="Graphics/fat_zombie/Armature/Skeleton3D/Arm1_L" index="0" unique_id=769458971]
collision_layer = 4
collision_mask = 0
monitoring = false
script = ExtResource("3_de4xe")
metadata/_custom_type_script = "uid://d3ap7dnckidtl"

[node name="CollisionShape3D" type="CollisionShape3D" parent="Graphics/fat_zombie/Armature/Skeleton3D/Arm1_L/Hitbox" index="0" unique_id=987849759]
transform = Transform3D(0.664205, 6.94394e-06, -0.747594, 0, 1.00005, 2.98023e-08, 0.747586, 1.8999e-07, 0.664212, -0.0271422, 0.236993, 0.00798607)
shape = SubResource("BoxShape3D_1o7sg")

[node name="Arm2_L" type="BoneAttachment3D" parent="Graphics/fat_zombie/Armature/Skeleton3D" index="11" unique_id=594562169]
transform = Transform3D(0.96445286, 0.25737435, -0.059908036, 0.26398167, -0.9280711, 0.26267394, 0.012006592, -0.26915124, -0.9630231, -0.38082772, 1.0117737, -1.2334172)
bone_name = "Arm02_L"
bone_idx = 8

[node name="Hitbox" type="Area3D" parent="Graphics/fat_zombie/Armature/Skeleton3D/Arm2_L" index="0" unique_id=1802100325]
collision_layer = 4
collision_mask = 0
monitoring = false
script = ExtResource("3_de4xe")
metadata/_custom_type_script = "uid://d3ap7dnckidtl"

[node name="CollisionShape3D2" type="CollisionShape3D" parent="Graphics/fat_zombie/Armature/Skeleton3D/Arm2_L/Hitbox" index="0" unique_id=706093317]
transform = Transform3D(0.664204, 7.03288e-06, -0.747593, 7.45058e-08, 1.00005, -1.49012e-07, 0.747586, 2.98023e-07, 0.664212, -0.00384265, 0.482911, 0.00933504)
shape = SubResource("BoxShape3D_l4w11")

[node name="Arm3_L" type="BoneAttachment3D" parent="Graphics/fat_zombie/Armature/Skeleton3D" index="12" unique_id=865067323]
transform = Transform3D(0.96445286, 0.25737435, -0.059908036, 0.26398167, -0.9280711, 0.26267394, 0.012006592, -0.26915124, -0.9630231, -0.12786096, 0.09959668, -1.4979589)
bone_name = "Arm03_L"
bone_idx = 9

[node name="Hitbox" type="Area3D" parent="Graphics/fat_zombie/Armature/Skeleton3D/Arm3_L" index="0" unique_id=1697426881]
transform = Transform3D(1, 2.98023e-08, 0, 0, 1, 9.31323e-10, -1.86265e-09, 4.65661e-09, 1, -0.0281277, 0.00676417, 0.0175292)
collision_layer = 4
collision_mask = 0
monitoring = false
script = ExtResource("3_de4xe")
metadata/_custom_type_script = "uid://d3ap7dnckidtl"

[node name="CollisionShape3D2" type="CollisionShape3D" parent="Graphics/fat_zombie/Armature/Skeleton3D/Arm3_L/Hitbox" index="0" unique_id=1157568183]
transform = Transform3D(1.00002, 1.55997e-08, 9.75095e-07, 2.14204e-07, 1.00005, -3.27826e-07, -3.61353e-07, 0, 1.00004, -0.0112083, 0.404136, -0.0150983)
shape = SubResource("BoxShape3D_rfcb2")

[node name="AnimationPlayer" parent="Graphics/fat_zombie" index="1" unique_id=1140854162]
autoplay = &"Idle"

[node name="ZombieHealthManager" parent="." index="4" unique_id=2099630894]
blood_splatter_count = 4
verbose = true

[node name="HurtSound" type="AudioStreamPlayer" parent="." index="6" unique_id=608155835]
stream = ExtResource("4_de4xe")

[node name="DeathSound" type="AudioStreamPlayer" parent="." index="7" unique_id=1888528124]
stream = ExtResource("5_25rh0")

[node name="AICharacterMover" parent="." index="8" unique_id=1653663016]
turn_speed = 100.0
move_accel = 0.5

[node name="NavigationAgent3D" parent="AICharacterMover" index="0" unique_id=742537097]
radius = 8.0

[node name="StepTracker" type="Node3D" parent="AICharacterMover" index="1" unique_id=1951391494]
script = ExtResource("5_l4w11")

[node name="StepSounds" type="Node3D" parent="AICharacterMover/StepTracker" index="0" unique_id=92603575]
script = ExtResource("6_rfcb2")

[node name="Concrete1" type="AudioStreamPlayer" parent="AICharacterMover/StepTracker/StepSounds" index="0" unique_id=1831833805]
stream = ExtResource("7_jow8y")
volume_db = -13.901

[node name="Concrete3" type="AudioStreamPlayer" parent="AICharacterMover/StepTracker/StepSounds" index="1" unique_id=236243408]
stream = ExtResource("7_jow8y")
volume_db = -13.901
pitch_scale = 1.16

[node name="Concrete4" type="AudioStreamPlayer" parent="AICharacterMover/StepTracker/StepSounds" index="2" unique_id=2091893509]
stream = ExtResource("7_jow8y")
volume_db = -13.901
pitch_scale = 0.84

[node name="Concrete2" type="AudioStreamPlayer" parent="AICharacterMover/StepTracker/StepSounds" index="3" unique_id=1204727319]
stream = ExtResource("8_los64")
volume_db = -13.901

[editable path="AttackEmitter/HitScanBulletEmitter"]
[editable path="Graphics/fat_zombie"]
[editable path="AICharacterMover"]
