[gd_scene format=3 uid="uid://bny4scd4ydquv"]

[ext_resource type="PackedScene" uid="uid://b1c70gvktrg5s" path="res://Scenes/monster.tscn" id="1_5y7pn"]
[ext_resource type="PackedScene" uid="uid://b8wwongbcfe17" path="res://Scenes/hit_scan_bullet_emitter.tscn" id="2_xegpm"]
[ext_resource type="PackedScene" uid="uid://cdtqrhuhdry6n" path="res://Models/zombie.glb" id="3_q276w"]
[ext_resource type="PackedScene" uid="uid://bm44gljnw3a6n" path="res://Scenes/hitbox.tscn" id="4_lpit6"]
[ext_resource type="Script" uid="uid://dd5xkm36fjxkr" path="res://Scripts/step_tracker.gd" id="5_irqb5"]
[ext_resource type="Script" uid="uid://cpinx10q0f446" path="res://Scripts/play_random_sound.gd" id="6_1hb35"]
[ext_resource type="AudioStream" uid="uid://d2y5373ujdl3y" path="res://SFX/concrete1.wav" id="7_ktn2p"]
[ext_resource type="AudioStream" uid="uid://4ir2d6jxp804" path="res://SFX/concrete2.wav" id="8_p7moq"]
[ext_resource type="AudioStream" uid="uid://8n6oindncjyn" path="res://SFX/zombie_2.mp3" id="9_6muwm"]
[ext_resource type="AudioStream" uid="uid://baaygklss1n8r" path="res://SFX/zombie_1.mp3" id="10_8tstj"]

[sub_resource type="StandardMaterial3D" id="StandardMaterial3D_5y7pn"]
albedo_color = Color(0.336716, 0.417647, 1, 1)

[sub_resource type="SphereMesh" id="SphereMesh_xegpm"]
material = SubResource("StandardMaterial3D_5y7pn")

[sub_resource type="CapsuleShape3D" id="CapsuleShape3D_w2xga"]
radius = 1.6333
height = 4.3106

[sub_resource type="BoxShape3D" id="BoxShape3D_4slyf"]
size = Vector3(4.42834, 6.45093, 3.42654)

[sub_resource type="BoxShape3D" id="BoxShape3D_5ia6i"]
size = Vector3(1.25367, 8.51718, 1.60556)

[sub_resource type="BoxShape3D" id="BoxShape3D_iyl7r"]
size = Vector3(2.23933, 9.80793, 2.0568)

[node name="Zombie" unique_id=1283550094 node_paths=PackedStringArray("animation_player", "skeleton") groups=["zombies"] instance=ExtResource("1_5y7pn")]
transform = Transform3D(11.5, 0, 0, 0, 11.5, 0, 0, 0, 11.5, 0, 0, 0)
collision_layer = 128
collision_mask = 129
animation_player = NodePath("Graphics/zombie/AnimationPlayer")
skeleton = NodePath("Graphics/zombie/Armature/Skeleton3D")
attack_range = 15.0
zombie_health = 20
zombie_damage = 30
zombie_attack_range = 15.0
zombie_point_amount = 25

[node name="AttackEmitter" parent="." index="1" unique_id=1353462862]
transform = Transform3D(1, 0, 0, 0, 1, 0, 0, 0, 1, 0, 1.33059, 0)

[node name="HitScanBulletEmitter" parent="AttackEmitter" index="0" unique_id=69293462 instance=ExtResource("2_xegpm")]
transform = Transform3D(1, 0, 0, 0, 1, 0, 0, 0, 1, 0, 0.166917, 0)

[node name="RayCast3D" parent="AttackEmitter/HitScanBulletEmitter" index="0" unique_id=1826574052]
target_position = Vector3(0, 0, -1.3)

[node name="MeshInstance3D" type="MeshInstance3D" parent="Graphics" parent_id_path=PackedInt32Array(560327995) index="0" unique_id=1581919854]
transform = Transform3D(0.40066, 0, 0, 0, 0.40066, 0, 0, 0, 0.40066, 0.0305469, 1.74052, -0.225252)
mesh = SubResource("SphereMesh_xegpm")

[node name="zombie" parent="Graphics" parent_id_path=PackedInt32Array(560327995) index="1" unique_id=1818841761 instance=ExtResource("3_q276w")]
transform = Transform3D(-0.092639, 0, 8.09876e-09, 0, 0.092639, 0, -8.09876e-09, 0, -0.092639, 0, 0, 0)

[node name="Skeleton3D" parent="Graphics/zombie/Armature" parent_id_path=PackedInt32Array(1818841761, 1074685181) index="0" unique_id=336130152]
bones/1/rotation = Quaternion(0.174062, -0.0643261, -0.0113953, 0.982566)
bones/4/rotation = Quaternion(0.387178, -0.460016, -0.555394, 0.57447)
bones/5/rotation = Quaternion(0.144094, -0.0583228, 0.0850415, 0.984177)
bones/7/rotation = Quaternion(0.371584, 0.044668, 0.286041, 0.882106)
bones/8/rotation = Quaternion(-0.0838537, 0.00322263, -0.147829, 0.985447)
bones/10/rotation = Quaternion(0.751924, 0.0434689, -0.657465, -0.0214785)
bones/11/rotation = Quaternion(0.000744378, -0.0713058, 0.0189187, 0.997275)
bones/13/rotation = Quaternion(0.74699, -0.0242148, -0.663401, -0.0363133)
bones/14/rotation = Quaternion(-0.0428221, 0.103568, -0.0115487, 0.993633)
bones/15/rotation = Quaternion(-0.026099, -0.039129, 0.625252, 0.779005)

[node name="Head" type="BoneAttachment3D" parent="Graphics/zombie/Armature/Skeleton3D" index="0" unique_id=543646208]
transform = Transform3D(0.9667134, -0.22179937, -0.12755455, 0.12324527, 0.84054536, -0.5275356, 0.2242225, 0.4942553, 0.8399023, -4.801088e-07, 7.162803, 1.500009)
bone_name = "Bone.003"
bone_idx = 3

[node name="Hitbox" parent="Graphics/zombie/Armature/Skeleton3D/Head" index="0" unique_id=641454402 instance=ExtResource("4_lpit6")]
transform = Transform3D(1, 0, 0, 0, 1, 0, 0, 0, 1, 0.0515743, 4.54066, 1.25512)
weak_spot = true
critical_damage_multiplier = 3.0

[node name="CollisionShape3D" parent="Graphics/zombie/Armature/Skeleton3D/Head/Hitbox" index="0" unique_id=698472591]
transform = Transform3D(0.992532, 0.0628194, -0.10457, -0.0728756, 0.992778, -0.0953019, 0.0978275, 0.102211, 0.989941, -0.0673649, -2.78587, -1.48592)
shape = SubResource("CapsuleShape3D_w2xga")

[node name="Body" type="BoneAttachment3D" parent="Graphics/zombie/Armature/Skeleton3D" index="1" unique_id=2066525081]
transform = Transform3D(1, 0, 2.3841858e-07, 0, 1, 0, -2.3841858e-07, 0, 1, 0, 0.6873169, 0)
bone_name = "Bone"
bone_idx = 0

[node name="Hitbox" parent="Graphics/zombie/Armature/Skeleton3D/Body" index="0" unique_id=238308777 instance=ExtResource("4_lpit6")]

[node name="CollisionShape3D" parent="Graphics/zombie/Armature/Skeleton3D/Body/Hitbox" index="0" unique_id=698472591]
transform = Transform3D(1, 0, 0, 0, 1, 0, 0, 0, 1, -0.0515747, 2.72546, 0.488113)
shape = SubResource("BoxShape3D_4slyf")

[node name="HandL" type="BoneAttachment3D" parent="Graphics/zombie/Armature/Skeleton3D" index="2" unique_id=205630339]
transform = Transform3D(0.80782515, -0.5562169, 0.1950408, 0.4222623, 0.31525755, -0.8498864, 0.4112331, 0.76891816, 0.4895426, -2.234846, 5.776195, 0.67989624)
bone_name = "Bone.007"
bone_idx = 7

[node name="Hitbox" parent="Graphics/zombie/Armature/Skeleton3D/HandL" index="0" unique_id=898258707 instance=ExtResource("4_lpit6")]

[node name="CollisionShape3D" parent="Graphics/zombie/Armature/Skeleton3D/HandL/Hitbox" index="0" unique_id=698472591]
transform = Transform3D(0.981873, 0.18912, -0.0126336, -0.189073, 0.981951, 0.00482778, 0.0133185, -0.0023516, 0.999909, 0.316804, 4.19156, -0.0358295)
shape = SubResource("BoxShape3D_5ia6i")

[node name="HandR" type="BoneAttachment3D" parent="Graphics/zombie/Armature/Skeleton3D" index="3" unique_id=1133126861]
transform = Transform3D(-0.052648414, 0.15487564, -0.98653007, -0.9655562, -0.2599737, 0.010715708, -0.25481227, 0.9531144, 0.16322833, 2.3032055, 5.571201, 1.2403286)
bone_name = "Bone.004"
bone_idx = 4

[node name="Hitbox" parent="Graphics/zombie/Armature/Skeleton3D/HandR" index="0" unique_id=802027279 instance=ExtResource("4_lpit6")]

[node name="CollisionShape3D" parent="Graphics/zombie/Armature/Skeleton3D/HandR/Hitbox" index="0" unique_id=698472591]
transform = Transform3D(0.998147, -0.0561862, -0.0233011, 0.0484744, 0.966181, -0.253265, 0.0367432, 0.251667, 0.967116, 0.0927039, 3.91584, 0.334198)
shape = SubResource("BoxShape3D_5ia6i")

[node name="LegL" type="BoneAttachment3D" parent="Graphics/zombie/Armature/Skeleton3D" index="4" unique_id=1694416507]
transform = Transform3D(0.13170344, 0.03712789, -0.990594, 0.0936151, -0.99529946, -0.024858143, -0.98687863, -0.089459, -0.13455737, 0.997748, 0.040932834, 1.3484552e-06)
bone_name = "Bone.010"
bone_idx = 10

[node name="Hitbox" parent="Graphics/zombie/Armature/Skeleton3D/LegL" index="0" unique_id=520840382 instance=ExtResource("4_lpit6")]

[node name="CollisionShape3D" parent="Graphics/zombie/Armature/Skeleton3D/LegL/Hitbox" index="0" unique_id=698472591]
transform = Transform3D(0.995503, -0.088749, -0.0329685, 0.0872488, 0.995184, -0.0444495, 0.0367554, 0.0413731, 0.998466, -0.576412, 4.65833, 2.15049)
shape = SubResource("BoxShape3D_iyl7r")

[node name="LegR" type="BoneAttachment3D" parent="Graphics/zombie/Armature/Skeleton3D" index="5" unique_id=1881743592]
transform = Transform3D(0.11862385, -0.084356904, -0.98934925, 0.012003991, -0.996189, 0.08637959, -0.992855, -0.022123054, -0.11716068, -0.9128295, 0.040932655, 1.3113022e-06)
bone_name = "Bone.013"
bone_idx = 13

[node name="Hitbox" parent="Graphics/zombie/Armature/Skeleton3D/LegR" index="0" unique_id=1502376797 instance=ExtResource("4_lpit6")]

[node name="CollisionShape3D" parent="Graphics/zombie/Armature/Skeleton3D/LegR/Hitbox" index="0" unique_id=698472591]
transform = Transform3D(0.996477, -0.0723639, -0.042423, 0.0760046, 0.992883, 0.0916341, 0.0354888, -0.0945352, 0.994887, 0.368034, 4.67929, -2.29634)
shape = SubResource("BoxShape3D_iyl7r")

[node name="VisionManager" parent="." index="5" unique_id=1322436613]
sight_arc = 0.0
max_sight_range = 100.0
always_detect_in_range = 10000000.0

[node name="HurtSound" type="AudioStreamPlayer" parent="." index="6" unique_id=741667132]
stream = ExtResource("9_6muwm")

[node name="DeathSound" type="AudioStreamPlayer" parent="." index="7" unique_id=2079686316]
stream = ExtResource("10_8tstj")

[node name="AICharacterMover" parent="." index="8" unique_id=1653663016]
move_accel = 2.0

[node name="StepTracker" type="Node3D" parent="AICharacterMover" index="1" unique_id=629835745]
script = ExtResource("5_irqb5")

[node name="StepSounds" type="Node3D" parent="AICharacterMover/StepTracker" index="0" unique_id=185748636]
script = ExtResource("6_1hb35")

[node name="Concrete1" type="AudioStreamPlayer" parent="AICharacterMover/StepTracker/StepSounds" index="0" unique_id=1304587278]
stream = ExtResource("7_ktn2p")
volume_db = -13.901

[node name="Concrete3" type="AudioStreamPlayer" parent="AICharacterMover/StepTracker/StepSounds" index="1" unique_id=735557966]
stream = ExtResource("7_ktn2p")
volume_db = -13.901
pitch_scale = 1.16

[node name="Concrete4" type="AudioStreamPlayer" parent="AICharacterMover/StepTracker/StepSounds" index="2" unique_id=502193493]
stream = ExtResource("7_ktn2p")
volume_db = -13.901
pitch_scale = 0.84

[node name="Concrete2" type="AudioStreamPlayer" parent="AICharacterMover/StepTracker/StepSounds" index="3" unique_id=1831855859]
stream = ExtResource("8_p7moq")
volume_db = -13.901

[editable path="AttackEmitter/HitScanBulletEmitter"]
[editable path="Graphics/zombie"]
[editable path="Graphics/zombie/Armature/Skeleton3D/Head/Hitbox"]
[editable path="Graphics/zombie/Armature/Skeleton3D/Body/Hitbox"]
[editable path="Graphics/zombie/Armature/Skeleton3D/HandL/Hitbox"]
[editable path="Graphics/zombie/Armature/Skeleton3D/HandR/Hitbox"]
[editable path="Graphics/zombie/Armature/Skeleton3D/LegL/Hitbox"]
[editable path="Graphics/zombie/Armature/Skeleton3D/LegR/Hitbox"]
